0 0.449367 0.540000 0.712025 0.768421
0 0.494545 0.644809 0.981818 0.710383
1 0.544167 0.502885 0.498333 0.994231
1 0.494097 0.575112 0.492361 0.849776
0 0.447428 0.548828 0.862956 0.725260
0 0.668301 0.519608 0.415033 0.960784
1 0.495937 0.535145 0.230625 0.828491
1 0.652174 0.512739 0.322981 0.834395
1 0.495573 0.293750 0.240104 0.356250
1 0.729143 0.448462 0.159066 0.475385
1 0.593421 0.594675 0.813158 0.810651
0 0.292725 0.530273 0.112793 0.255859
1 0.377500 0.526000 0.540000 0.948000
1 0.896563 0.506667 0.206875 0.986667
1 0.502415 0.504115 0.985507 0.991770
1 0.520667 0.533178 0.405333 0.890654
1 0.673438 0.758443 0.254375 0.483114
0 0.466827 0.514000 0.539423 0.972000
1 0.543333 0.539809 0.610000 0.920382
1 0.749219 0.678704 0.501563 0.568519
0 0.402344 0.533858 0.492188 0.708661
0 0.275701 0.449045 0.214953 0.834395
0 0.514000 0.550975 0.386000 0.898051
0 0.588889 0.493304 0.653333 0.924107
0 0.402344 0.533858 0.492188 0.708661
1 0.494097 0.575112 0.492361 0.849776
1 0.729143 0.448462 0.159066 0.475385
0 0.588889 0.493304 0.653333 0.924107
1 0.543333 0.539809 0.610000 0.920382
1 0.495573 0.293750 0.240104 0.356250
1 0.520667 0.533178 0.405333 0.890654
0 0.514000 0.550975 0.386000 0.898051
1 0.896563 0.506667 0.206875 0.986667
0 0.275701 0.449045 0.214953 0.834395
1 0.495937 0.535145 0.230625 0.828491
0 0.668301 0.519608 0.415033 0.960784
0 0.449367 0.540000 0.712025 0.768421
1 0.377500 0.526000 0.540000 0.948000
1 0.593421 0.594675 0.813158 0.810651
1 0.749219 0.678704 0.501563 0.568519
0 0.466827 0.514000 0.539423 0.972000
0 0.494545 0.644809 0.981818 0.710383
0 0.447428 0.548828 0.862956 0.725260
0 0.292725 0.530273 0.112793 0.255859
1 0.652174 0.512739 0.322981 0.834395
1 0.544167 0.502885 0.498333 0.994231
1 0.502415 0.504115 0.985507 0.991770
1 0.673438 0.758443 0.254375 0.483114
